100
496.36092 1.45254 1906.07267
494.72555 1.25496 1911.88840
371.00000 2.00000 742.00000
493.54521 1.33579 1990.18201
493.90517 1.09555 1985.09014
435.10564 1.70231 1520.43210
197.66527 3.29214 725.36439
304.00000 2.00000 325.00000
408.38369 1.75910 360.69732
494.23452 1.11289 1976.58001
162.05 1.049 153.5
1.03437 3.98073 1999.28619
493.90076 1.23358 1905.37863
491.30944 1.30331 1900.10076
28.0 4.0 1493.0
490.41252 1.34370 1949.00777
329.5 3.15032 412.0
287.0 4.0 787.0
491.31874 1.20344 1951.03010
25.42733 3.21331 782.49465
69.0 2.0 1420.0
79.2852 3.95 673.5010
493.87334 1.40164 1916.82527
491.14631 1.32316 1940.67545
494.38177 1.16468 1941.07283
492.06854 1.44774 1901.39140
490.86456 1.43724 1980.59953
434.0 1.0 1529.0
492.55512 1.25255 1957.86575
303.09294 1.77249 1205.59046
481.00000 1.00000 498.00000
500.00000 3.0867 85.306
247.79180 2.55706 1287.96438
491.63536 1.24103 1911.14816
1.04199 3.39837 1999.57805
122.00000 2.00000 244.00000
77.15741 3.9279 736.21916
490.43156 1.35093 1944.44223
1.06138 3.16068 1999.33117
475.8 1.40 1507.887
184.0 3.0 1234.0
65.0 2.0 1165.0
430.37211 3.13599 1288.12249
262.45288 3.35771 85.92965
426.75403 1.10781 607.79228
233.33374 3.760 605.0
203.4409 3.95 392.0
324.68541 3.21618 908.27540
1.03407 3.07735 1999.15900
88.3333 2.0618 1903.0
480.49131 1.49390 130.89635
399.89 2.00 589.5
260.5844 1.64 1129.133
486.00000 1.00000 520.00000
300.0 2.0 1603.0
307.00000 3.00000 340.00000
455.0 2.0 734.0
63.0 3.0 1047.0
388.0 2.29 1366.17213
491.60796 1.26478 1977.06395
456.0 3.0 1841.0
408.0 4.0 414.0
29.01600 2.31647 161.59189
14.2 1.0 211.919
234.81591 2.91086 1747.15695
490.31812 1.32851 1985.39756
492.62860 1.04835 1933.34433
275.00000 2.00000 550.00000
352.3520 2.2 340.3
494.13609 1.02939 1932.07877
498.38201 1.42209 1996.41786
492.27994 1.22955 1918.13966
493.74313 1.26382 1920.08159
47.85943 2.93199 301.87510
41.20134 3.02466 530.64766
129.0 2.0 2000.0
1.00 1.46 1132.5403
96.0 2.0 55.0
1.12840 3.60588 3.06698
496.96804 1.15019 1912.02618
123.58042 3.19344 1775.64437
492.45590 1.48287 1954.83196
491.83844 1.37356 1973.61469
458.00000 2.00000 916.00000
246.073 3.5431 158.0
60.02643 3.56491 24.78044
497.15619 1.06516 1951.20764
490.73864 1.17378 1944.67116
456.0 3.0 1377.0
497.72904 1.42045 1996.64428
165.50242 1.11 1.0
495.10018 1.18202 1983.49871
495.56211 1.32645 1911.74086
426.20226 2.86354 1143.82556
492.68407 2.22407 45.28608
27.0 4.0000 1007.60948
435.21031 1.06731 230.08875
490.39827 1.25799 1935.27198
491.11619 1.00041 1976.42205
492.18924 1.39677 1919.03544
